Matrix A(20x20):
-76.38 82.1 76.63 -0.22 82.54 65.02 -25.5 81.4 -63.41 -99.59 -48.93 -93.1 -34.98 38.58 -81.2 73.73 80.72 4.31 7.56 70.73
82.1 58.31 -44.6 55.45 -68.9 -63.83 -42.95 87.31 66.13 -92.83 -95.46 -40.17 74.79 -40.1 40.54 70.16 -20.14 -55.96 -18.26 75.36
76.63 -44.6 25.17 -82.31 -34.27 23.16 -76.94 85.17 -54.2 54.17 -25.59 -16.2 -75.0 -63.67 -71.77 -45.11 15.95 60.61 90.4 62.42
-0.22 55.45 -82.31 -97.67 -49.46 89.33 30.3 58.74 69.75 43.34 58.96 -34.83 -57.72 11.28 -74.52 68.64 -9.1 -25.15 -34.25 -13.69
82.54 -68.9 -34.27 -49.46 18.43 33.25 99.86 72.9 82.57 -45.55 -37.61 -75.38 81.38 54.84 71.35 -70.54 8.44 -8.77 25.75 -74.06
65.02 -63.83 23.16 89.33 33.25 59.73 -8.69 -56.11 -40.4 94.49 -53.12 -86.68 4.9 91.91 -61.37 85.36 27.29 50.55 99.11 13.5
-25.5 -42.95 -76.94 30.3 99.86 -8.69 -62.78 69.28 -34.18 21.87 65.0 1.66 -33.8 -64.94 61.13 -0.54 -98.35 90.37 -45.3 -32.93
81.4 87.31 85.17 58.74 72.9 -56.11 69.28 -82.96 85.86 40.31 2.93 -13.75 -63.54 -21.34 -7.31 -11.9 -44.36 58.37 51.06 38.38
-63.41 66.13 -54.2 69.75 82.57 -40.4 -34.18 85.86 51.73 -1.55 51.83 -11.95 -40.38 16.75 90.23 24.24 6.61 -65.61 -77.53 -9.13
-99.59 -92.83 54.17 43.34 -45.55 94.49 21.87 40.31 -1.55 43.1 40.18 1.36 -57.42 93.78 -69.59 -43.46 25.58 43.89 31.08 91.69
-48.93 -95.46 -25.59 58.96 -37.61 -53.12 65.0 2.93 51.83 40.18 5.57 -75.24 -97.35 -80.2 65.6 -18.58 -55.61 -63.51 -93.03 14.12
-93.1 -40.17 -16.2 -34.83 -75.38 -86.68 1.66 -13.75 -11.95 1.36 -75.24 -82.93 17.06 -55.16 90.23 9.36 -36.16 82.26 -48.79 -29.14
-34.98 74.79 -75.0 -57.72 81.38 4.9 -33.8 -63.54 -40.38 -57.42 -97.35 17.06 46.43 68.54 -88.85 -96.77 -60.17 -75.63 -77.17 14.88
38.58 -40.1 -63.67 11.28 54.84 91.91 -64.94 -21.34 16.75 93.78 -80.2 -55.16 68.54 99.45 21.47 -13.52 1.05 56.7 29.43 -6.23
-81.2 40.54 -71.77 -74.52 71.35 -61.37 61.13 -7.31 90.23 -69.59 65.6 90.23 -88.85 21.47 20.55 -44.16 -21.84 -23.36 -56.77 -72.59
73.73 70.16 -45.11 68.64 -70.54 85.36 -0.54 -11.9 24.24 -43.46 -18.58 9.36 -96.77 -13.52 -44.16 31.91 87.47 18.35 -24.81 -16.4
80.72 -20.14 15.95 -9.1 8.44 27.29 -98.35 -44.36 6.61 25.58 -55.61 -36.16 -60.17 1.05 -21.84 87.47 -0.37 -11.2 21.21 42.14
4.31 -55.96 60.61 -25.15 -8.77 50.55 90.37 58.37 -65.61 43.89 -63.51 82.26 -75.63 56.7 -23.36 18.35 -11.2 -38.55 38.53 -13.56
7.56 -18.26 90.4 -34.25 25.75 99.11 -45.3 51.06 -77.53 31.08 -93.03 -48.79 -77.17 29.43 -56.77 -24.81 21.21 38.53 87.83 14.84
70.73 75.36 62.42 -13.69 -74.06 13.5 -32.93 38.38 -9.13 91.69 14.12 -29.14 14.88 -6.23 -72.59 -16.4 42.14 -13.56 14.84 58.88
